13
6.3 1 3 1.45 2.33 1 0 1.5 0 2.3 0 0 1 yes
3.7 1 2 1.3 2.5 0 1 1.87 0 3.5 0 0 2 yes
4.1 0 1 1.3 2.04 0 0 1.72 0 1.4 2 0 2 yes
5.6 1 1 1.2 2.36 0 1 1.78 0 0.8 2 0 2 yes
5.7 0 0 1.2 3.54 0 1 1.63 1 0.6 2 0 2 yes
5.7 1 0 1.4 1.92 0 1 1.48 0 0.4 1 0 1 yes
5.6 0 1 1.4 2.94 0 0 1.53 0 1.3 1 0 2 yes
4.4 1 1 1.2 2.63 0 1 1.73 0 0 2 0 3 yes
5.2 1 2 1.72 1.99 1 1 1.62 0 0.5 2 0 3 yes
5.7 1 2 1.5 1.68 0 1 1.74 0 1.6 2 0 2 yes
5.4 1 0 1.4 2.39 0 1 1.6 0 1.2 2 0 2 yes
4.8 0 2 1.3 2.75 0 1 1.39 0 0.2 2 0 2 yes
4.9 1 1 1.3 2.66 0 1 1.71 0 0.6 2 0 2 yes
6.4 1 3 1.1 2.11 0 0 1.44 1 1.8 1 0 2 yes
5.8 0 3 1.5 2.83 1 0 1.62 0 1 2 0 2 yes
5 0 2 1.2 2.19 0 1 1.58 0 1.6 1 0 2 yes
5.8 0 2 1.2 3.4 0 1 1.72 0 0 2 0 2 yes
6.6 0 3 1.5 2.26 0 1 1.14 0 2.6 0 0 2 yes
4.3 1 0 1.5 2.47 0 1 1.71 0 1.5 2 0 2 yes
6.9 0 3 1.4 2.39 0 1 1.51 0 1.8 2 2 2 yes
5.9 1 0 1.35 2.34 0 1 1.61 0 0.5 1 0 3 yes
4.4 1 2 1.3 2.33 0 1 1.79 1 0.4 2 0 2 yes
4.2 1 0 1.4 2.26 0 1 1.78 0 0 2 0 2 yes
6.1 1 2 1.5 2.43 1 1 1.37 1 1 1 0 2 yes
4 1 3 1.4 1.99 0 1 1.78 1 1.4 2 0 3 yes
7.1 0 1 1.6 3.02 0 1 1.62 0 0.4 2 2 2 yes
5.9 1 2 1.5 2.12 1 1 1.57 0 1.6 2 0 2 yes
5.1 1 2 1.1 1.75 0 1 1.23 0 0.6 2 0 2 yes
6.5 0 2 1.4 4.17 1 0 1.57 0 0.8 2 1 2 yes
5.3 1 2 1.3 1.97 1 0 1.52 0 1.2 0 0 2 yes
4.1 0 1 1.05 1.98 0 1 1.68 0 0 2 1 2 yes
6.5 1 0 1.2 1.77 0 1 1.4 0 0.4 2 0 3 yes
4.4 1 1 1.3 2.19 0 0 1.88 0 0 2 0 2 yes
5.4 1 2 1.25 2.73 0 0 1.52 0 0.5 0 1 2 yes
5.1 1 3 1.25 2.13 0 0 1.25 1 1.4 2 1 2 yes
4.6 0 2 1.42 1.77 0 0 1.6 1 1.4 0 0 2 yes
5.4 0 2 1.35 3.04 1 1 1.7 0 0 2 0 2 yes
5.4 1 2 1.5 2.32 0 0 1.65 0 1.6 2 0 3 yes
6.5 0 2 1.55 2.69 0 1 1.48 0 0.8 2 0 2 yes
6.5 0 2 1.6 3.6 0 0 1.51 0 0.8 2 0 2 yes
5.1 0 2 1.4 3.08 0 0 1.42 0 1.5 2 1 2 yes
4.8 1 1 1.3 2.45 0 0 1.8 0 0.2 1 0 2 yes
4.5 1 0 1.04 2.08 0 0 1.48 1 3 1 0 2 yes
5.3 0 0 1.3 2.64 0 0 1.43 0 0.4 1 0 2 yes
3.9 1 2 1.4 3.21 0 0 1.82 0 0 2 0 2 yes
5.2 1 1 1.2 3.25 0 1 1.72 0 0.2 2 0 2 yes
4.4 1 2 1.4 2.35 0 0 1.8 0 0 2 0 2 yes
4.7 1 2 1.38 2.57 0 0 1.56 0 0 2 0 2 yes
5.3 0 2 1.28 2.16 0 0 1.15 0 0 2 0 0 yes
5.3 0 0 1.38 2.34 0 0 1.6 0 0 2 0 2 yes
5.1 0 2 1.3 2.56 0 0 1.49 0 0.5 2 0 2 yes
6.6 1 0 1.2 3.02 0 0 1.51 0 0.4 1 0 2 yes
6.2 1 2 1.3 2.31 0 1 1.46 0 1.8 1 3 3 yes
4.4 0 2 1.08 1.41 0 1 1.75 0 0.6 1 0 2 yes
6.3 0 2 1.35 2.52 0 0 1.72 0 0 2 0 2 yes
5.2 1 1 1.34 2.01 0 1 1.58 0 0.8 2 1 2 yes
4.8 1 0 1.22 2.22 0 0 1.86 0 0 2 0 2 yes
4.5 1 0 1.15 2.6 0 0 1.85 0 0 2 0 2 yes
3.4 1 3 1.18 1.82 0 0 1.74 0 0 2 0 2 yes
5.7 0 0 1.28 3.03 0 0 1.59 0 0 2 1 2 yes
7.1 0 2 1.1 2.65 1 0 1.3 0 0 2 1 2 yes
5.4 1 1 1.08 3.09 0 1 1.56 0 0 2 0 3 yes
5.2 1 3 1.18 1.86 0 0 1.9 0 0 1 0 1 yes
4.1 1 1 1.35 2.03 0 1 1.32 0 0 1 0 1 yes
5.8 1 2 1.4 2.11 1 0 1.65 0 0 2 0 2 yes
3.5 0 0 1.38 1.83 0 1 1.82 0 1.4 2 0 2 yes
5.1 1 2 1 2.22 0 1 1.43 1 1.2 1 0 2 yes
4.5 0 1 1.3 2.34 0 0 1.75 0 0.6 1 0 2 yes
7.7 1 0 1.25 3.04 0 0 1.62 1 0 2 3 2 no
3.5 1 0 1.26 2.82 0 0 1.56 1 0 2 0 3 no
7 1 2 1.6 2.69 0 1 1.12 1 2.9 1 1 3 no
5.9 0 0 1.74 2.49 0 1 1.43 1 0 1 0 2 no
6.4 1 0 1.45 2.12 0 0 1.32 0 2 1 2 1 no
5.7 1 0 1.52 2.74 0 1 8.8 1 1.2 1 1 3 no
5.6 1 0 1.32 1.84 0 0 1.05 1 2.1 1 1 1 no
4.8 1 0 1.24 2.74 0 0 1.66 0 0.5 1 0 3 no
5.6 0 0 1.34 4.09 0 0 1.5 1 1.9 1 2 3 no
6.6 1 1 1.6 2.46 0 1 1.2 1 0 1 3 1 no
5.4 1 1 1.92 2.83 0 0 1.95 0 0 2 1 3 no
6.9 1 2 1.4 2.54 0 0 1.46 0 2 1 3 3 no
5.1 1 0 1.4 2.98 0 1 1.22 1 4.2 1 3 3 no
4.3 1 0 1.32 2.47 1 0 1.43 1 0.1 1 4 3 no
6.2 0 0 1.38 2.94 1 1 1.06 0 1.9 1 3 2 no
6.7 1 0 1 2.99 0 0 1.25 1 0.9 1 2 2 no
5.9 1 3 1.6 2.73 0 0 1.25 0 0 2 0 2 no
4.5 1 0 1.42 3.09 0 0 1.47 1 0 1 3 3 no
5.8 1 0 1.28 2.59 0 0 1.3 1 3 1 2 3 no
5 1 0 1.44 2 0 0 1.26 1 0.9 1 0 3 no
6.2 0 0 1.5 2.44 0 1 1.54 1 1.4 1 0 2 no
3.8 1 3 1.2 2.31 0 1 1.82 1 3.8 1 0 3 no
6.6 0 0 1.78 2.28 1 1 1.65 1 1 1 2 3 no
5.2 1 0 1.12 2.3 0 1 1.6 0 0 2 1 2 no
5.3 1 0 1.23 2.82 0 1 9.5 1 2 1 2 3 no
6.3 0 0 1.08 2.69 0 1 1.69 1 1.8 1 2 2 no
5.4 1 0 1.1 2.06 0 0 1.08 1 0 1 1 2 no
6.6 1 0 1.12 2.12 0 0 1.32 1 0.1 2 1 2 no
5.5 0 0 1.8 3.27 0 2 1.17 1 3.4 1 0 2 no
4.9 1 2 1.18 1.49 0 0 1.26 0 0.8 2 3 2 no
5.4 1 0 1.22 2.86 0 0 1.16 1 3.2 1 2 2 no
5.6 1 0 1.3 2.83 1 0 1.03 1 1.6 0 0 3 no
4.6 1 0 1.2 2.49 0 0 1.44 0 0.8 2 0 3 no
6.1 1 3 1.34 2.34 0 1 1.45 0 2.6 1 2 2 no
6.7 1 0 1.2 2.37 0 1 7.1 0 1 1 0 2 no
5.8 1 0 1 2.34 0 1 1.56 0 0.1 2 1 3 no
4.7 1 0 1.1 2.75 0 0 1.18 1 1 1 1 2 no
5.2 1 0 1.25 2.12 0 1 1.68 0 1 2 2 3 no
5.8 1 0 1.46 2.18 0 1 1.05 0 2 1 1 3 no
5.7 1 1 1.24 2.61 0 1 1.41 0 0.3 2 0 3 no
5.8 0 1 1.36 3.19 1 0 1.52 0 0 2 2 2 no
6.1 1 0 1.38 1.66 0 0 1.25 1 3.6 1 1 2 no
4.2 1 0 1.36 3.15 0 1 1.25 1 1.8 1 0 1 no
5.2 1 0 1.28 2.04 1 1 1.56 1 1 1 0 0 no
5.9 1 2 1.26 2.18 1 1 1.34 0 2.2 1 1 1 no
4 1 0 1.52 2.23 0 1 1.81 0 0 2 0 3 no
6.1 1 0 1.4 2.07 0 0 1.38 1 1.9 2 1 3 no
4.6 1 0 1.4 3.11 0 1 1.2 1 1.8 1 2 3 no
5.9 1 3 1.34 2.04 0 1 1.62 0 0.8 2 2 2 no
5.7 1 1 1.54 2.32 0 0 1.64 0 0 2 1 2 no
5.7 1 0 1.1 3.35 0 1 1.43 1 3 1 1 3 no
5.5 0 0 1.28 2.05 0 2 1.3 1 2 1 1 3 no
6.1 1 0 1.48 2.03 0 1 1.61 0 0 2 1 3 no
5.8 1 0 1.14 3.18 0 2 1.4 0 4.4 0 3 1 no
5.8 0 0 1.7 2.25 1 0 1.46 1 2.8 1 2 1 no
6.7 1 2 1.52 2.12 0 0 1.5 0 0.8 1 0 3 no
4.4 1 0 1.2 1.69 0 1 1.44 1 2.8 0 0 1 no
6.3 1 0 1.4 1.87 0 0 1.44 1 4 2 2 3 no
6.3 0 0 1.24 1.97 0 1 1.36 1 0 1 0 2 no
5.9 1 0 1.64 1.76 1 0 9 0 1 1 2 1 no
5.7 0 0 1.4 2.41 0 1 1.23 1 0.2 1 0 3 no
4.5 1 3 1.1 2.64 0 1 1.32 0 1.2 1 0 3 no
6.8 1 0 1.44 1.93 1 1 1.41 0 3.4 1 2 3 no
5.7 1 0 1.3 1.31 0 1 1.15 1 1.2 1 1 3 no
5.7 0 1 1.3 2.36 0 0 1.74 0 0 1 1 2 no