5
0.27085882407606404 -0.3908933299833075 2.737968221509705 0.7495033584176203 -0.7366554278214961 yes
0.777655511974147 -0.22945553048616307 2.717643371145119 -1.4847620339105998 1.39792909490818 yes
-0.7498024743542835 -0.09850967298143219 0.4348305246798666 -1.015900775413675 0.633266473466435 yes
-0.6905162991490109 0.11739776696062934 0.0689130512460391 -0.2255129197221775 -0.42722567596938366 yes
-0.2978455879493019 -0.024234195836082717 -0.8839286206383278 -0.6847905865177563 -1.075136552606968 yes
-0.5320079279898785 -0.12005836959560698 -0.6115875894872408 -0.6953689749389728 -0.7368042916708496 yes
-0.07811229499851169 -0.2590294933677267 0.506250956168363 -0.3406312611040816 -0.7492572582731604 yes
-1.4638301127424453 0.12304041345731423 -0.3829889776418574 -0.6291027314267595 0.45148675220487444 yes
-1.2595726625745403 -0.01145783390107012 0.6391232204417836 0.2514642976312602 0.19007871846268315 yes
-0.49813557486001125 -0.02022398043146993 1.2541422404929834 0.1500297872194239 -0.12014385282028404 yes
-0.14379320111916466 -0.11239475720500876 -0.4353381992348386 -0.9183847315088055 -0.3677175779962408 yes
-1.7524652315444376 -0.22451007414919102 0.45361005077945776 0.15298858249051667 0.05205023852333783 yes
-1.0352738244662563 0.05051861726859524 -0.033355559642489374 -0.4795468881819101 0.05169002675168926 yes
-0.0395422585008364 -0.40478643174695633 2.114840242354481 0.7569856620125515 -0.7613805553248054 yes
-1.156934548259675 -0.10532562426518453 1.593038376804011 1.0950646248725586 -0.560782750964469 yes
-0.4780563845150295 -0.21830413030199305 1.4465229557895725 -0.2681441138566364 0.09763274294407898 yes
-1.5226250965003716 0.14773566076518213 0.31565580504412866 0.6848153327467307 -0.868548615525058 yes
0.5731499037197887 -0.760495610575038 2.847494901692921 0.7073450749726101 -0.9305009185839601 yes
-0.2605663786454711 -0.07335692715906868 -0.2345032997168806 -1.5041097308209836 0.5210156087880613 yes
0.5018831512114084 -0.20089167637995575 1.2807522977539256 2.5101200947157287 -0.1363000487252424 yes
-0.08827063494292468 -0.02496191299680212 -0.64942968237322 -0.6990209628283113 -0.7991609726518383 yes
-1.543048832948794 0.1258894766176864 0.5363388733727635 -0.29150953186386547 0.6053579700417793 yes
-1.3390052827734216 0.18740860935160944 -1.0271791970147794 -1.2209396883319301 0.4616231078267632 yes
-0.37082446918345596 -0.32094648468216697 1.009626519575361 0.3652562227240425 -0.709371707438428 yes
-1.1984579994111937 -0.0355168378092846 1.7813481054605382 -0.2414343108925529 1.3273042903833474 yes
0.31946416349695583 0.09582777206353882 -0.9183287189001462 1.9192802090297105 -0.8404095795295449 yes
-0.4100109199995556 -0.17222345550398363 1.2284871756115403 0.3596633757952582 -0.35670156619040055 yes
-1.402656950972255 -0.4134953575287862 0.6665981016040038 0.10574012521157147 0.1803426070086155 yes
-0.23408045201200528 -0.09317845559469659 0.3216103186178337 1.6321057763293882 -1.001804000617174 yes
-0.32828696444010325 -0.25840295680025 1.426325114332033 -0.0739737736179886 -0.09877013284257373 yes
-1.341921063530629 0.11103948451761367 -0.6721135043813489 -0.13092199941424426 1.068691796154769 yes
-0.26963704665003274 -0.18072198433090736 -0.9331879259416219 -0.29297305336200535 -1.1478272846812336 yes
-1.5712487210881816 0.24472207607660537 -0.3286252005976603 -0.5716832488962633 0.38180245178192995 yes
-0.3291191015789412 -0.16455894657817405 0.6390815681395873 0.717207049620932 0.13079697968028509 yes
-0.5548439692316137 -0.5360999320193196 1.3499802826550629 1.0075611817641943 0.7867241720035416 yes
-0.32525356343127293 -0.2512967232467815 1.498027484890412 -0.6398457918186082 0.33057569950825716 yes
-1.6538045157643793 0.13671002166427038 0.35955954240995336 0.5655933877305769 -0.4797469714014029 yes
-0.3754257046284443 -0.17831149651105568 1.1686796564823052 0.048323417803526135 -0.0002743667437447077 yes
-0.818576261724792 -0.1652327878453646 0.7541538131388131 0.8266742943815759 -1.1740055296438006 yes
-0.7209001697689482 -0.18891090107232913 0.7008257460596988 0.9238422676923386 -1.4088558934994404 yes
-0.2614630128994508 -0.3725594914794476 0.7543690784784934 0.6690184176145226 0.35842591509839433 yes
-1.0502607815697724 0.1323684514890705 -0.0366448557897251 -0.5409514880058092 -0.0027112623634425997 yes
1.2598439936962533 -0.5525807663607182 0.6558019477092355 -2.0314974469515987 0.4048560016087096 yes
-0.4709466867352039 -0.24167434953077166 -0.6878819243982021 -0.8213303476476779 -0.7232548189398983 yes
-2.0225171693579 0.15332343527246578 0.3599492573555789 -0.20411651403189018 0.7504185070218184 yes
-1.186533868654315 0.11302990064885021 -0.28481124952355885 -0.2161620640276634 -0.33972175892932166 yes
-1.9183495637091534 0.15749771928864081 0.3811394321913002 -0.017462152377277426 0.5114174999779472 yes
-1.832796211124917 -0.07431361212541546 0.3428129876851696 0.15050139641659863 0.2324667445080708 yes
-2.021008850041269 -0.4366374552883833 0.39328141456888915 0.543384052242582 -0.500612998275056 yes
-1.0064298731766346 -0.003468523319488094 -1.084208794669646 -0.6167522027715937 -0.6575374342004285 yes
-1.4075630034467943 -0.19574816354245544 0.6026914900818285 0.24740397167604433 -0.1928288199468581 yes
-0.0030733685957870607 -0.13120432732656762 -0.7478906693121277 -0.2245865232717767 -1.650422337668291 yes
1.4911735698417643 -0.262597088240283 0.3750777857513183 2.048077068624397 0.9825400769160851 yes
-1.3838193884033292 0.07066002250564353 0.9664068342528047 -0.3816671646025083 0.5846781682340677 yes
-1.3750287760213973 0.12906913309265078 0.326733114233184 0.9217330819946531 -1.1697147427572405 yes
-0.4215845625284104 -0.06124970892447233 -0.2780092996352748 0.20261066282951215 0.4797383103963539 yes
-1.0999225978969294 0.24168162653949216 -1.064188730496101 -0.9176057047546605 -0.09355078818744092 yes
-1.169669757610266 0.2192234116576622 -1.0767042275125307 -1.0419469059026465 0.0672551912782708 yes
-2.5983118814719717 0.07165539288348385 1.1309800439769189 -0.004453344457543082 1.5153830989387436 yes
-0.41524199218323404 0.016327485488666294 -1.4919269716581114 0.22168085281032235 -0.5764103162770979 yes
-0.7038127428496164 -0.222847969239003 -0.09809801600628996 2.0073544195736357 -1.3223835249248372 yes
-1.1433081268800536 -0.022768150534353968 -0.448923828591809 -0.12755281611750263 -0.4238600810974602 yes
-1.9218526486156313 0.2742502848930449 1.347050855770929 0.7529275293563806 -0.02071128928415521 yes
-1.6511118990798797 -0.2784273721997337 -0.08704834492736874 -0.8140604041976431 0.591474854414302 yes
-1.4993824197111283 0.06640160468758974 0.3542280323344614 0.7185775937592088 -0.5416305323217778 yes
-0.6389472616947222 0.0344767812365175 -0.22572447191765022 -1.8848210999870367 1.0764441184715217 yes
-0.5464628543115689 -0.32662262306151896 1.1186759458298796 -0.28990222787603254 0.08721135311485695 yes
-0.9144743603708919 0.025164621503950855 0.1978947467273975 -0.7525977960696786 0.13237749203516067 yes
-1.6289715788604635 0.10918555876048662 -0.3290026765144635 -0.6089724214884753 0.4473609600205983 yes
-0.7861784906908648 0.09681285797336409 -1.081598207722224 -0.2592074593247289 -1.2485689896260725 yes
-0.95117124645375 -0.22107062053661344 0.6959851674068127 0.20334316340269112 -0.256569198836917 yes
-1.2797852312852236 -0.058544254575021236 0.3039221224789188 1.3607055858462709 1.3409648648032322 yes
-2.0266144291407318 0.3437488546289294 -0.27133222796369705 -1.299210755020813 1.5816529064339793 yes
-0.8489319564173713 0.23116948596358464 -1.153631204069166 -0.8680757338517531 -0.4049659038934949 yes
-1.6651094843886316 0.011042087012886774 0.7231360095234635 -0.27425217351954023 0.5019112392162354 yes
-0.055488235907222315 -0.19000736692866416 0.585067206690277 -0.44665961857328157 -0.5855005193693932 yes
0.2331162495828715 -0.2684821488203342 1.85179181601176 -0.30496575552723054 0.15147670041655892 yes
-1.037497249350621 0.07678582778698437 -0.43795481079920373 -0.00876196906401321 -0.733078622736872 yes
-1.367976268012226 0.2872700054291355 -0.3153733055918215 -0.1626847743539495 -0.14103303233357264 yes
-0.5471843506049894 -0.1773461796433218 0.7238547324765116 0.18846676580053567 -0.5512572764640382 yes
-2.0420103804854475 0.18081559465257502 0.3877631195745724 -0.21293754988387972 0.773517093162716 yes
-1.5055314578350245 0.05883821100937791 -0.38466656347303824 -0.4620647181316577 0.14186861665272002 yes
-1.048568040924906 0.06418721465457909 -0.062226994902073174 1.374547052604132 -0.4798123871040413 yes
-0.7956370277987217 0.02495207157766046 1.907207312638259 0.5195988720750394 0.18157391376703527 yes
-0.6757525077380231 -0.5046189306947872 -0.5844800617597501 -1.3985351676604052 0.12748108349897957 yes
0.41866088973167953 -0.24562774712510607 1.1980131659828734 0.7340270567562986 -1.8418282328859978 yes
0.0390243490374231 -0.13712882146739952 0.42097513649542556 1.4375592151833485 -0.666625839092685 yes
-1.4306525646606272 -0.015353720551404822 -0.3725166335771395 -0.50014353383526 0.39210583421430445 yes
-0.35595367795850646 -0.2064010741796531 1.4329716741773497 -0.08968528977115797 -0.21465274864453426 yes
0.08261396428310355 -0.509538183835808 -0.4056243753788522 -0.7474426145360414 -1.0488264429590262 yes
-0.9567495215733357 0.2286453890507282 -0.3422506725872161 1.442414321497518 1.2764914342638778 yes
-0.6146764331612949 0.10788324233972656 -1.1842095682662275 -0.696461161967394 -0.6295881981354092 yes
-0.017798675663022803 0.22083674485398558 -1.074226339724433 2.7794376326514905 2.080057903838098 yes
-0.7039156236700088 0.006207753168050555 -0.8200460160952079 0.5542709554031715 -0.1860872607229191 yes
-1.443544584712938 -0.21269781847448763 -0.11322940575330968 -0.6874866920035176 0.2530583906039736 yes
-0.7263080809767178 -0.5122257185515627 -1.2450221353096544 -0.7916352975756247 -0.43126515326260895 yes
0.4401081299323903 -0.19615716102683836 -0.31952760529390856 -0.5075968773239763 -1.554798592586281 yes
0.468299448844801 -0.019587215131318454 -2.1587521078857574 1.1065001458045784 1.2978748325615423 yes
-0.21091361333671496 -0.20610747204107582 1.007362434664595 0.1103655192319589 1.2511698337178538 yes
-0.33569002264607517 0.2076474886729743 -0.7329408775695712 2.3357386984537016 1.351780925039909 yes
-0.9091480091496268 0.07605634921974844 0.8075219582277863 1.4737870981474739 1.9459569714079483 yes
1.74173234430642 -0.7366934324688108 3.6758530890766523 -0.004946368605562458 -0.09122839143927805 yes
-0.2432277825379524 0.3063767629680103 -1.0633276316075546 1.5453500331430108 -0.08642829556840803 yes
-0.7916669364316646 0.2049136805895393 1.2346200085788985 -0.5922741118630128 0.796835419537614 yes
-1.8136580818118466 0.053153919357352926 0.3821232305827235 0.20408021564879328 0.178427217567891 yes
0.011249479482426697 -0.6230139454129814 1.2924642420866028 0.6695257572004912 -1.391352178497178 yes
-0.7789505571839231 -0.25075422126581504 0.9195698586186201 2.2812974438474534 -0.7907945979230135 yes
-0.7220317425709106 -0.15963922422563767 -0.8254611666088931 -1.2985340377318797 -0.08733990046480884 yes
-0.7141242972259344 -0.09642149805208428 0.24041809332711434 -0.537590445086241 -0.10449986450537119 yes
-1.0803517055091676 -0.023172806835869003 -1.100089613734953 -0.7685051847711963 -0.4835714369983138 yes
-0.5408859874994181 -0.015776238785151057 -1.188502375738571 -0.17553277856987157 -1.5856583097464714 yes
-0.9117635953497822 0.18533847004174264 0.13109204684259357 1.106886448194296 0.40167095039721457 yes
-1.1111599677414548 -0.2553673771184173 0.3574811547698853 0.9007504787517777 -1.1767439003883624 yes
-1.1824236872935898 0.01384466534075562 -1.0919680401204805 -1.240134283493842 0.45992941409001686 yes
-1.2844712275914232 -0.014250061532955424 -0.3827840996128248 -0.04618721515324493 -0.47917685172603564 yes
-2.2336660297958515 0.08493619993820298 0.4211112074220956 -0.38277022791312787 0.990878405271639 yes
-0.3837123732601108 -0.23759881624227644 1.6682497767086275 -0.7779293448009766 0.9469232445995416 yes
-0.21635400503213512 -0.2567172306004027 2.2533910324589037 0.42704278855013444 0.02179879103117681 yes
-1.612323426064969 0.13711857487411042 -0.321924750959175 -0.50827093821688 0.14440178632279765 yes
-0.8269485064963262 -0.13218802040677333 -0.9383063339672517 -1.1996577560598582 -0.19999672385032882 yes
1.7960500821181928 -0.5325001460060339 -0.5965840473679126 0.546234236387208 -0.34891520348617844 yes
-0.7446890689376138 0.2261035012035489 -1.1085029621714786 -0.3524806211731878 -1.025202273023444 yes
-1.8889369790954522 0.05364867846237187 0.2909939769309394 -0.2586576166447754 0.4747349558309894 yes
-1.638261293697934 0.05381839767757093 0.32576941327540726 0.48611898614307736 -0.5183641144602411 yes
-2.395120105533359 0.15723047734518575 0.8553650132232037 0.34829772982408297 1.5901989959414384 yes
-1.476007224098596 0.21156724753893721 0.10612048226028586 -1.2402648842900983 1.1634495287776525 yes
-1.148296102006878 -0.15453871395010244 -1.021453032408589 -1.022248673001126 0.0903358743506442 yes
-0.8613686591631526 0.2056129067913392 -0.027334416075321093 1.7140374024200467 -0.9076071455649178 yes
-1.4228723675210149 0.047351163502307274 0.6432837881665888 0.21486365257616136 -0.2480313933861216 yes
-0.006743728678096431 -0.3536704789793059 -0.8076752897640604 1.377255573585527 -1.7089924602680229 yes
-1.30895306838116 0.08951950227099005 0.03496895360547837 1.0649853868285912 0.24675507170466185 yes
-1.2481155633485324 0.02202768481927783 -0.13842357993155016 -0.4288489771628002 -0.2312885049374047 yes
-1.6552912443246393 0.015609384126763732 -0.3618749557250015 -0.6541486564584631 0.46982390824447406 yes
-1.7228715597199584 -0.0688050589325075 -0.3469608843736825 -0.7398102913175104 0.6432788992464809 yes
-1.721934776261668 0.02156296860089838 -0.34819556082730774 -0.6621066315261744 0.37184837979944596 yes
-1.1519893921892919 0.05372104579324976 -1.069585083520207 -0.8341631207320978 -0.3342477454722263 yes
-0.9230053335514566 7.987073379236683 1.0553779298342825 0.28868086041409685 -0.6011954021790537 yes
-1.0480834006779418 -0.16343526365507924 -0.40030937661947846 0.37969928453619955 -1.0139599373716657 yes
0.3728739848523434 -0.49198928295111766 -0.13392317654828456 -1.0911537381074703 -0.6850762550958783 yes
0.40219731113666646 -0.5174061439572211 -1.3234862880567027 0.13926814590713316 -0.790255916616296 yes
-1.3077378884949904 -0.13366785603330203 0.6416073925006084 0.2342351707927002 -0.2579351702757534 yes
-0.17014839561554232 0.042709546399824494 -0.2158300979539893 -1.5650805143652422 0.312398835963739 yes
-1.83036332167293 0.11352340894437386 0.6258301900112534 -0.2830136223129015 0.5644079378627901 yes
0.43053043251738193 -0.08354031826984623 -1.691398654089977 1.143643408353012 -0.6016201475659753 yes
-0.12928891866106967 -0.45410279876433823 1.1148375314477297 1.0684616450949265 -1.8591616538140134 yes
-0.8050189221631876 -0.13288430595573228 -0.43194615341458015 0.7224545800792734 -1.6785513925199194 yes
-1.1309730855154925 -0.1340720585032101 0.384086232288769 0.38838169331604655 0.9015845227497217 yes
-1.2452195171332923 0.03358919868710748 1.5678309493977947 1.0631466719397036 -0.5714482344460823 yes
-1.9734145172748891 0.09271946957097262 0.38566325477274016 -0.07285583784391693 0.586984818735172 yes
-2.077021413110913 -0.09566664402820402 0.3992719371664015 -0.17563112942830705 0.8297656756047288 yes
0.8678640562379771 -0.4684582222718201 0.1380069421488442 -0.503465883837128 -1.3076073446652028 yes
0.7954226519020257 -0.4668152203295047 -0.04714037852503341 -0.36605451574272097 -1.7318546191443327 yes
-0.8776766077304289 -0.14354186248303022 1.5408035414293042 1.1778146561869882 -0.7642601675324447 yes
-0.606658302282585 -0.0530310117453105 0.14720899381309116 1.5836675589510736 -0.9666850525087203 yes
-1.9370861761574842 -0.10440568140715938 0.620687720026864 -0.39159654256209653 0.7914599436938963 yes
-0.27189073962649585 -0.3218194312494418 -0.5553520727848987 -0.7054471669486111 -0.8959458112496677 yes
-1.8620075045742739 0.1964518014672611 0.38015892303533555 0.08722234741243805 0.3157748782541498 yes
-1.916514412371295 0.12725004924373576 -0.28936067127648996 -1.0525885912550554 1.2017800383984374 yes
1.1643028820896935 -0.08083785638969644 -1.445694259493166 2.2641799091147825 1.5273895894983895 yes
-1.0837759305778394 0.019374947391293237 -0.4204681448308189 -0.03131166784257664 -0.4834184665241004 yes
-0.749249062118674 0.09879520300208712 0.055924760310416856 -0.2914896116436134 -0.6193633272459471 yes
-0.43843163816911174 -0.06780496808399553 0.2496348720352633 -0.25898046039001493 -0.645202889222001 yes
-1.745674865886589 0.22715675638382535 -0.284701219163263 -0.7957698524741111 0.7947513071517887 yes
-0.46839920263439205 0.22756303891558005 -1.0141916012971253 2.0855802972385367 3.2582953478716465 yes
-0.46839920263439205 0.22756303891558005 -1.0141916012971253 2.0855802972385367 3.2582953478716465 yes
2.171933912786756 -0.6276168867602397 -1.3309869608114853 1.3260325403382205 -0.002120134257606436 no
2.643747063791939 -0.5895482459458704 -0.3961563743777961 0.3279919134874615 -0.255616141086652 no
3.155410629245574 -0.4203075539581593 0.5113007092284639 -0.05388964110806617 -0.06416292384978488 no
1.1384815759975526 -0.28546366022631287 -0.5825839844390973 -0.05039725882967026 -0.6086634046722604 no
1.9738873022426109 -0.4848689170385924 0.9017218182460124 -1.752048909653877 -0.13431755807660392 no
-0.44856348268125257 -0.2402560497751674 0.45223838106839814 0.9120710666549867 -0.03796343496344133 no
-0.16191186699980858 -0.06990634649745325 0.573387538997292 -0.9649094676680755 0.20619619003708137 no
0.37776768677437605 -0.24657962921920695 0.7572936380430794 -0.419043750231951 -0.6864792803846275 no
1.7264955956990222 -0.23773188803802808 1.2926436124465353 1.0654924516478568 0.9132171846534133 no
2.2778016440230004 -0.5511742685599601 -0.4678330456155953 0.036359525511204804 0.31851469220702544 no
0.49977868143828225 -0.7812533185610925 0.08536123965625049 -2.074688622257058 0.8350413577507682 no
1.337359208961497 -0.0749204873994643 -1.1775305937515599 0.4296937590301524 0.28504317026224446 no
-1.3171061864467641 0.025414657460061343 0.28891091144130226 0.961529620711254 -1.150733791220214 no
0.9469879706242026 -0.7789109092340363 0.35185063412009504 -2.040739079246496 0.6487343693706143 no
0.24193519392594792 -0.5416079167389575 -1.0220242098588375 -0.13716414628248885 -0.439734221748281 no
0.8927447333288944 -0.41340617877813046 -0.7761969733868799 -0.4829910787896527 -0.1269059543772142 no
1.69184050786618 -0.4992223422277769 -1.520849971290722 1.4165753500249891 0.13984637827212903 no
-0.7006007434782833 0.09648405709732176 -1.141802210987893 -0.19250443784097782 -1.456853508328272 no
1.0636190660906524 -0.2698306298710318 1.472586944636265 0.4768838207912321 0.23432078951643806 no
1.1215962657718166 -0.6883178990592528 0.45655658239650754 -1.544562599029342 0.04934129075304029 no
-0.7783658732920273 -0.07713111431262962 -1.4775791398012055 -0.43933635466325605 0.6082575851108751 no
0.8883545401415955 -0.2789015921782824 -0.843822757682172 -0.23043370909468266 -0.2710344306531035 no
1.5424107999189183 -0.8032994645640744 -0.24466175837035398 -0.7708069708867302 0.12541604558457373 no
-0.5582249640441054 -0.02789522951677969 0.5060911016528713 0.5324983186913631 0.7459218473395556 no
-1.2201053113677278 -0.05915741934892191 -1.0933841987495483 -1.3155366011502316 0.6049949870306716 no
0.28195571973502376 -0.345975659955217 -0.36417647887680543 -1.2951710005534733 -0.41623920460389574 no
2.512135545091529 -0.5156125575677181 -0.9383625158593805 0.6092536067818323 0.9569031670866747 no
0.7569569941425932 -0.5961872383443665 -0.5449309437116107 -0.5441445721213775 0.2748292116198058 no
2.601560278885501 -0.5127168394435663 -0.26877415347243433 -0.007127964713363743 0.24400274513168532 no
0.8642221194321427 -0.43842821325975073 2.1614479981663837 -0.11669503228260254 -0.3673179069112064 no
2.397259740167884 -0.6865167241360544 0.9861715650554908 -1.5113593201858275 -0.7624493023889872 no
0.8237671710817814 -0.5960591673119456 2.5195808586892077 -0.9221794411834201 0.7979602270640455 no
0.837378293850667 0.12216358297100724 -1.5556301306451101 1.0625814921986891 -0.4524969291547955 no
2.5750976152362943 8.057842713566195 -0.08125318409401809 -0.2539389700403421 0.20840902635828162 no
0.552292991177388 -0.004058690053761574 -1.5136665945363805 1.0424449149381898 -0.4465007087035802 no
-0.8100044329393664 0.1714795518895552 -1.4194910298352412 -0.5107708040356115 0.774690486062295 no
2.163610424651966 -0.5457431106115278 0.09243458061187744 -0.6519776368818411 -0.2556358673932109 no
0.005335011644941903 -0.6060208191699151 -0.8431146939424978 -0.7117479563604654 -0.8031050497938902 no
0.4660162938670809 -0.30732067055143303 1.2678536855330211 0.585890402482433 -1.2148023596595683 no
5.460967629939037 -0.8730441900717754 1.546518408647674 -0.13536592880487522 1.027080739767875 no
-0.3160373819864849 0.0458278494160004 -1.5615757062638211 -0.2882943006409793 0.1954061045333671 no
1.0133219084288383 -0.3316842117839852 -0.7623854794810019 -0.3443084228983657 -0.3351525689293435 no
2.275251634670709 -0.3221291553233474 -0.2644568890681055 0.179612562572034 0.13337553304250915 no
1.2072782217190157 -0.387807165523236 0.5232464749533418 1.3558457566141204 2.0853738308259895 no
-0.14733663929339888 0.08389746221798514 -1.5402035810354062 0.00555273157024744 -0.2026867698254955 no
-0.4457741646059685 -0.15335017730036204 0.34455350495146253 0.9478995187025675 0.09207737360029725 no
2.7058959600271697 -0.612656787889703 0.5351835135057482 -0.8369809579418913 -0.17351596659708846 no
-0.23140540829145415 -0.374936480781836 -0.24184715710625476 -1.821531964485599 0.847718466708361 no
0.49519613562104564 -0.2964317350062666 -0.5077186784272439 -0.7229086723719674 -1.2879920918914392 no
0.8015579599394983 -0.2950880659213646 -0.6984043917678044 -0.34719137258226584 -0.18427360361476458 no
1.3688240958781535 -0.6879358946579277 0.5953036387690006 -1.9542475200646776 0.266558086332238 no
0.8293432049358672 7.912297923886998 1.4715797244716833 0.513033153035647 -0.20700589002499842 no
2.2133750700621557 -0.42293020614010957 -1.412253410175424 1.2197575863777652 0.37038219879680506 no
2.1576216396078056 -0.6567318926673816 0.14904099373507365 -0.2712356842058257 -0.6081195992481943 no
0.04597337141225011 -0.07413703097291595 -1.9302790028141033 0.26561340630177005 0.9506541917388268 no
3.850262004352946 -0.5133554954729985 0.051633460893251736 0.6960393951130909 0.31572155882403147 no
3.6862066862041973 -1.2091011471204347 2.202934307800025 -2.333829118728367 0.03446693849803776 no
0.06965259272479074 -0.007180528821302684 1.6323220470870503 1.7694397246706786 -0.4305336168660343 no
3.523066599273702 -0.7676372451853537 0.6406975798646668 -0.4524120641782756 0.517018539502082 no
1.915427779619996 -0.6655928162483338 0.11603964664618299 -0.9910363307373508 0.30967364510788403 no
2.041149659944043 -0.641374131915755 0.5865263192841075 -0.9433514349130362 -1.3875092688945159 no
0.7443318229330177 -0.7324405782664807 0.08444865576213174 0.4687484307686078 -0.4443715381784002 no
0.04818240132394606 -0.5471607883690489 -0.09003629875156692 -2.240617794707078 1.2171516311241044 no
-1.2724926173134476 -0.07390272368851235 1.3171404662574444 1.0697694834488962 -0.5253179935420436 no
0.43912509376299147 -0.5079579472107818 1.3345379692006902 0.21847934598605362 -0.9148348791936914 no
-1.882473152601518 -0.06892655020600533 0.3501481272943301 0.07998424069364722 0.3092251086263861 no
1.5436985809580446 -0.41465299632244035 -1.5098725455292126 1.1317286490933913 0.8287669302284356 no
0.6287984508082288 -0.26935804898421745 -0.9589815864378105 -0.37125191737796354 -0.11080196569319223 no
2.609790575660771 7.644039965226675 0.7048629886743623 -0.9106249318698625 -0.60152587940056 no
2.7758448197050085 -0.7140995654703758 -0.811083203879832 1.3820538130369042 -0.2016785495753225 no
0.3682609840592242 -0.07452230758451446 -0.3401722768434975 -1.3011865731138363 -0.13751333628612683 no
0.23383052880265387 0.15382425164486915 -1.8973604094264225 0.8002795768812333 0.11590724430936507 no
1.373487263705141 -0.018926068477320587 -1.0361474131869206 0.4875741470082289 0.0714572332912639 no
1.2422601474374537 0.14028495154827447 -2.3547720508885375 2.236797791803067 -0.9556441047231569 no
-1.206175218546361 -0.12260831382738033 -1.1917033257137242 -1.6501756835977348 0.8688193101510252 no
1.7718068681939945 -0.789598458756647 1.5654776062285174 0.872694561046184 -0.6385621036337619 no
-0.4903926132185174 -0.14480361830550587 -0.9433085003734616 -0.5873342191413984 -1.1158009015097086 no
1.6990211169443408 -0.45516809249554585 -0.5359091815542504 0.553939407237475 -0.1700369104357208 no
1.4850882549655628 7.003671308383026 -0.10685992095050802 -0.8682671520809281 0.004648969838493749 no
1.2051416631649006 -0.7936545287531621 -0.1914057867529318 -0.6046371569628102 -0.04971192916023455 no
-0.3484703649201792 -0.052618277280754175 -0.6592951524013833 -1.1669706165933673 -0.09918210958917997 no
1.889919257815924 -0.34412850827493374 -0.7815222958959555 0.10744187950889389 0.06170572054150042 no
0.5510139945367679 -0.2681016181337714 -1.3293403518667233 2.1379832961614484 0.1319789392116133 no
-0.6734261001512835 0.3479487343915193 -0.7443960539118667 0.556264574553115 0.14791502767436754 no
1.901068749704789 -0.31429973028797276 0.43924209220407484 2.3945367595662845 0.34731644622585545 no
3.6786881951328994 -0.8468847483524002 0.13775442761913317 -0.172658959324868 1.669584103278566 no
1.0625433284374604 -0.13139163323518155 -2.376697440266118 1.1045436449233863 2.3694365571809226 no
2.0915340271137297 -0.6402393773098701 -1.000681268641671 1.17957382855224 0.3404693939309355 no
1.3610859161544024 -0.4091267768874033 -1.3127125357955303 0.8027436540955092 -0.66600944226896 no
-1.8345339148834001 -0.35647217418050775 1.0080246289660983 1.2962006937575126 -0.5680777896511567 no
0.6425769288234391 -0.12370236559174351 -2.1028513558697672 0.5716566499732624 1.5781680425116011 no
2.6624808739706243 -0.6592844069798283 -0.16556794430323796 -0.16919290501779888 0.4457995345523108 no
0.05728936501018765 -0.4994686529481019 -0.5169951063056111 -1.3012861235479303 -0.09397265002875767 no
0.5883888691781474 -0.20506972381453017 -0.20108683787422327 -0.8054403665677919 -1.2047511617952849 no
0.6892958353104522 -0.3265566205311268 3.266616763456839 -1.03521290152381 1.6297207245197085 no
1.4386861783049856 0.025287958395170347 -1.1466813369202458 0.7498104232509376 -0.3788349612025798 no
-0.608429032391626 0.06372141627683932 -1.4470899487240758 -0.1412843225913933 0.1701018457235182 no
2.415933046070393 7.609792457568464 0.011110935238858784 -0.6920838058870311 0.9024427775903133 no
1.7929663756849181 -0.053514556550290665 -0.7334443047774836 0.3502468766336538 -0.26877361765561886 no
-0.15870826822184708 -0.5141288870334838 -1.369498788550047 -0.25220358210721056 -0.10550289782215608 no
0.0471133932710546 -0.2415112027138066 -1.5411827125376618 0.4146281563322538 -0.9885003550462792 no
1.728938001227175 -0.8141011485943491 0.8603189757699338 -1.5556613280447882 -0.48279578565273734 no
-0.003105176342816556 -0.37472547255379623 -0.31090969002872665 1.8392506480016548 1.905128836374098 no
2.545783379885221 -0.8266710207589046 -0.03547342839847549 -0.34223429069341726 0.645496106460448 no
1.0270047764708767 -0.80897587467684 0.006587389075056624 -1.1838827995617067 -0.6943889156664174 no
-0.48183370458604485 -0.29547992074559376 -0.7160469536388938 -1.2059866897446017 0.17428219134102796 no
1.1017848886507162 -0.3995187504403736 1.925841952753386 1.7775205415854989 0.6945271362137233 no
0.7960784909915949 5.377404155107802 0.09068709721768235 -0.7341718373449508 -1.370146233714725 no
-0.21392970556595797 0.01703678094969821 -1.4589347676182765 0.07039688471047406 -0.22609234909149556 no
0.3693427600467978 -0.5702581963401735 -0.8350784785841027 -0.7852700402283331 0.43224540524224325 no
0.649605811372003 0.03283863044220794 -1.2904837090390486 0.18801186998290367 0.9295148975145794 no
1.3000995439505838 -0.7452533752373784 -0.23927965724264663 -0.45349603610651873 -0.0019743803379267035 no
-0.8849351167805115 -0.1960292170784537 -0.2801047364410503 -0.06346183526980735 -0.5284881306217358 no
-0.2848328713290243 -0.01566564467225988 -1.1350513739909152 1.514824106594235 -0.0022286143979103386 no
2.5457687290650504 -0.7821848672825017 0.5892809848152626 -0.7850195021366181 -0.15318348017270852 no
0.1782294337138407 -0.5957705120848324 0.031230831413723858 -1.783155537179965 0.3410370794493409 no
-0.2310717182094822 -0.11923039066450214 -0.30486881782222225 -1.0889240401397347 -0.4138008717307467 no
0.5414161883611279 -0.45471792911459474 1.404944262548707 0.743532447002649 0.07160324059390719 no
-1.2632817883141425 0.20085717884440937 -1.0504872852910634 -1.3536555145665417 0.7136186134429291 no
1.281623714259212 -0.4366162317708952 -0.5792379073044782 -0.27662259765405417 -0.28386758247032995 no
1.4308171260194391 -0.6022239678322532 -0.7815685255743985 -0.44740600671005304 1.2455534008983082 no
-0.4675331859287159 0.012108190423542782 0.7794582242753023 2.212552986305821 0.7535522276035673 no
-0.7628032764653112 0.06731480633021128 -0.738238857766041 0.7002775919514093 -0.11481183442004236 no
2.211902458243089 -0.5259984630564539 0.1897201236234476 -0.8493193227691966 -0.0685996629318046 no
1.2802731359265405 -0.4749191984261959 -0.2567515493006105 -0.7747135087693608 0.13639634519920787 no
-0.21793513071735218 0.08980665628358937 -1.4783626242438344 0.2527561351405177 -0.3733858032335778 no
3.846538898851399 -0.6146634300064489 0.604992706793495 0.13753272431264507 0.9878165247302911 no
2.2019944629848567 -0.4348945143976639 -0.12227605283825875 0.07676289157524062 0.20261638986348643 no
-0.3070730870874728 -0.2021244509356801 0.9149663376183895 0.720314565023016 -1.1169310404697057 no
1.126563571874047 -0.527659336733864 0.8440417521796514 -2.1679984472150284 0.4955326376457065 no
3.2282566195919795 -0.6108298433752278 0.19327037574380165 -0.07945010305001232 0.3540242742386056 no
-0.38860981273451994 -0.19542463204933205 -0.963862090155109 -0.4644691190432494 -1.3818201494657498 no
1.4367055523634813 7.279092348265585 -0.37410693485326935 0.16538329710951669 0.32363054744643494 no
-0.283568712653506 -0.3825590211146947 -0.9004817572341763 -0.7931268828497988 -0.8774644762557574 no
-1.0685026157813324 -0.4602618872122053 1.8668135259397405 0.08363490966567363 0.7426404615410733 no
3.040823019963213 -0.4945786845253292 0.17542543072385006 0.34413431447203313 -0.054036418118971384 no
0.8199595534054535 -0.5497576036076475 -0.7040116510383087 -0.5120476514216278 0.10373644452401443 no
-0.5361032044363842 0.15122436699237374 -0.5194597780125478 0.5746690457858176 -0.3507409034694635 no
